12
QSKP         0.0000000 0.4882004 0.5491312 0.4664402 0.1871880 0.6407668 0.6400309 0.5565453 0.7060667 1.0053277 2.3883859 1.1012488 
ODDO         0.4882004 0.0000000 0.4977510 0.4636559 0.4476569 0.6431438 0.6568684 0.6046275 0.7654319 1.0708359 2.6543453 1.2311626 
AAXJ         0.5491312 0.4977510 0.0000000 0.4945632 0.5542507 0.6232484 0.6847193 0.6242356 0.7415684 1.0220129 2.4678199 1.2687292 
AUGV         0.4664402 0.4636559 0.4945632 0.0000000 0.4212453 0.5354084 0.6322588 0.5152967 0.6838324 1.0805422 2.8919775 1.2504970 
Arath_TAIR10 0.1871880 0.4476569 0.5542507 0.4212453 0.0000000 0.5475968 0.5278152 0.4883986 0.5572130 0.8028362 1.6981515 0.8473316 
Musac_v1.0   0.6407668 0.6431438 0.6232484 0.5354084 0.5475968 0.0000000 0.5669843 0.6963590 0.8567887 1.2696544 3.1751002 1.4196260 
BPKH         0.6400309 0.6568684 0.6847193 0.6322588 0.5278152 0.5669843 0.0000000 0.7126247 0.8268144 1.1459420 2.6951371 1.3070412 
URDJ         0.5565453 0.6046275 0.6242356 0.5152967 0.4883986 0.6963590 0.7126247 0.0000000 0.6547932 1.0253762 2.5983857 1.1599109 
YFZK         0.7060667 0.7654319 0.7415684 0.6838324 0.5572130 0.8567887 0.8268144 0.6547932 0.0000000 0.8803711 2.7301358 1.0590120 
PIVW         1.0053277 1.0708359 1.0220129 1.0805422 0.8028362 1.2696544 1.1459420 1.0253762 0.8803711 0.0000000 2.3862924 1.1391870 
Chlre_v5.5   2.3883859 2.6543453 2.4678199 2.8919775 1.6981515 3.1751002 2.6951371 2.5983857 2.7301358 2.3862924 0.0000000 1.9932538 
JOJQ         1.1012488 1.2311626 1.2687292 1.2504970 0.8473316 1.4196260 1.3070412 1.1599109 1.0590120 1.1391870 1.9932538 0.0000000 
